+----------------------------------------------------------------------------------------------------------------------------------------------------------------------------------------------------------------+
; Legal Partition Candidates                                                                                                                                                                                     ;
+-----------+-------+----------------+--------------+----------------+--------+-----------------+---------------+-----------------+-------+----------------+--------------+------------------+-------------------+
; Hierarchy ; Input ; Constant Input ; Unused Input ; Floating Input ; Output ; Constant Output ; Unused Output ; Floating Output ; Bidir ; Constant Bidir ; Unused Bidir ; Input only Bidir ; Output only Bidir ;
+-----------+-------+----------------+--------------+----------------+--------+-----------------+---------------+-----------------+-------+----------------+--------------+------------------+-------------------+
; ep61      ; 154   ; 72             ; 102          ; 72             ; 65     ; 72              ; 72            ; 72              ; 0     ; 0              ; 0            ; 0                ; 0                 ;
; ep60      ; 154   ; 71             ; 102          ; 71             ; 65     ; 71              ; 71            ; 71              ; 0     ; 0              ; 0            ; 0                ; 0                 ;
; ep40      ; 122   ; 37             ; 70           ; 37             ; 32     ; 37              ; 37            ; 37              ; 0     ; 0              ; 0            ; 0                ; 0                 ;
; ep22      ; 153   ; 73             ; 102          ; 73             ; 65     ; 73              ; 73            ; 73              ; 0     ; 0              ; 0            ; 0                ; 0                 ;
; ep21      ; 153   ; 65             ; 102          ; 65             ; 65     ; 65              ; 65            ; 65              ; 0     ; 0              ; 0            ; 0                ; 0                 ;
; ep20      ; 153   ; 65             ; 102          ; 65             ; 65     ; 65              ; 65            ; 65              ; 0     ; 0              ; 0            ; 0                ; 0                 ;
; ep00      ; 121   ; 8              ; 69           ; 8              ; 32     ; 8               ; 8             ; 8               ; 0     ; 0              ; 0            ; 0                ; 0                 ;
; okWO      ; 325   ; 0              ; 0            ; 0              ; 65     ; 0               ; 0             ; 0               ; 0     ; 0              ; 0            ; 0                ; 0                 ;
; okHI      ; 70    ; 1              ; 0            ; 1              ; 117    ; 1               ; 1             ; 1               ; 33    ; 0              ; 0            ; 0                ; 0                 ;
+-----------+-------+----------------+--------------+----------------+--------+-----------------+---------------+-----------------+-------+----------------+--------------+------------------+-------------------+
